0000105000011
0000105000042
0000105000059
0000105000073
0000105000196
0000105000219
0000105000318
0000105000356
0000105000363
0000105000417
0000105200923
0000105200961
0000111048403
0000111301201
0000111301263
0000127534587
0000130008136
0000140323687
0000141013129
0000159479269
0000159487776
0000168175589
0000168178238
0000171812457
0000197571406
0000204286484
0000208066259
0000209024937
0000228000080
0000234022960
0000236555909
0000236598784
0000250632969
0000260440264
0000281621505
0000281756504
0000309444901
0000309512075
0000310413620
0000360053005
0000360054002
0000417011002
0000417012009
0000417296003
0000433070274
0000433821494
0000433821500
0000433906023
0000433906030
0000450193000
0000450193031
0000460938714
0000470322800
0000501050603
0000522061596
0000526938306
0000539003206
0000554004509
0000557910210
0000604007221
0000605013450
0000606009841
0000609124107
0000609133703
0000609231508
0000609340767
0000609346752
0000609406104
0000609407101
0000609900114
0000609941001
0000609941049
0000609941759
0000609941766
0000609962037
0000609962044
0000609962082
0000609965007
0000609983001
0000609983032
0000609989010
0000609989027
0000628006569
0000630138791
0000651003214
0000651041001
0000651041025
0000651213019
0000651213026
0000651319018
0000651511016
0000651813103
0000682009841
0000698309041
0000698465815
0000729181042
0000730012144
0000764001770
0000764001787
0000764003033
0000764003040
0000764114944
0000764708617
0000770324146
0000780016406
0000790100027
0000790100058
0000790105282
0000790110002
0000790110019
0000790110026
0000790110033
0000790110040
0000790110057
0000790200123
0000790310075
0000790350040
0000790350187
0000790350385
0000790400004
0000790400028
0000790400042
0000790400066
0000790400301
0000790400325
0000790400349
0000790400363
0000790410003
0000790410010
0000790410027
0000790410034
0000790410041
0000790410065
0000790410553
0000790420002
0000790430018
0000790430063
0000790430070
0000790440017
0000790440024
0000790440031
0000790500117
0000790500148
0000790500186
0000790500230
0000790500247
0000790500254
0000790520603
0000790520702
0000790620105
0000790620112
0000790900115
0000790900122
0000790900139
0000806029526
0000822006563
0000835766119
0000835766317
0000835766331
0000835766355
0000835766553
0000835766560
0000835766577
0000835766584
0000835766607
0000835766614
0000850600108
0000886100252
0000901000017
0000901002042
0000901005005
0000946909078
0000974300144
0000996284712
0001000004005
0001000008218
0001000008706
0001100000136
0001100064084
0001146901886
0001182000086
0001200001217
0001686413511
0001757016092
0002000000271
